1.64266e+09 -0.0136859 0.00550323 0.00145202 -0.00560403
 0.00972671
  0.0140942
   0.999838
1.64266e+09 -0.0163111 -0.00343924 -0.0238171 -0.00862407
  0.0157124
  0.0288917
   0.999422
1.64266e+09 -0.0201863 -0.0115789 -0.0499621 -0.0100576
 0.0170603
 0.0491965
  0.998593
1.64266e+09 -0.0303675 -0.0290364 -0.0549819 -0.0125431
  0.017949
 0.0321839
  0.999242
1.64266e+09 -0.0347708 -0.0302786 -0.0518483 -0.0142375
 0.0201051
 0.0349127
  0.999087
1.64266e+09 -0.0468316 -0.0355247 -0.0550724 -0.0145605
 0.0145877
 0.0108955
  0.999728
1.64266e+09 -0.0643307 -0.0430188 -0.0486627 -0.0181204
  0.023373
 0.0112795
  0.999499
1.64266e+09 -0.0778252 -0.0424503 -0.0423676  -0.0212591
  0.0239104
-0.00421065
   0.999479
1.64266e+09 -0.0897249 -0.0416973 -0.0593063 -0.0218182
 0.0204259
-0.0326523
   0.99902
1.64266e+09 -0.0896014 -0.0554972 -0.0379151 -0.0294555
 0.0209292
 -0.036617
  0.998676
1.64266e+09 -0.0936363 -0.0686218 -0.0340922 -0.0341024
 0.0242236
-0.0273708
   0.99875
1.64266e+09 -0.107654 -0.0761808 -0.0224722 -0.0413864
 0.0292149
 -0.033085
  0.998168
1.64266e+09 -0.111959 -0.0852746 -0.0316534 -0.0415152
  0.032413
-0.0205349
  0.998401
1.64266e+09 -0.118178 -0.0902831 -0.0162093 -0.0458919
 0.0338135
-0.0393001
    0.9976
1.64266e+09 -0.117017 -0.103763 -0.0109514 -0.0521205
 0.0361793
-0.0240488
  0.997695
1.64266e+09 -0.112213 -0.103881 -0.0177023   -0.055064
  0.0394099
-0.00583878
   0.997688
1.64266e+09 -0.118182 -0.0982454 -0.0242883 -0.0553676
  0.040512
-0.0184755
  0.997473
1.64266e+09 -0.120853 -0.102925 -0.00325617  -0.0573052
  0.0396888
-0.00936685
   0.997524
1.64266e+09 -0.114801 -0.113716 0.0054167 -0.0691778
 0.0387024
 0.0163603
  0.996719
1.64266e+09 -0.105167 -0.128075 -0.000663302 -0.0742055
 0.0426702
 0.0428875
  0.995406
1.64266e+09 -0.109837 -0.125011 0.0193287 -0.0764159
 0.0467416
 0.0437523
  0.995018
1.64266e+09 -0.0922324 -0.129893 -0.0216906 -0.0785087
 0.0393493
 0.0555778
  0.994585
1.64266e+09 -0.0822198 -0.126857 0.00339051 -0.0758279
 0.0322841
 0.0318978
  0.996088
1.64266e+09 -0.0772296 -0.138367 -0.0327173 -0.0722095
 0.0298264
 0.0159501
  0.996816
1.64266e+09 -0.0669769 -0.146634 -0.0200147 -0.0795582
 0.0268544
 0.0229535
  0.996204
1.64266e+09 -0.0669294 -0.15169 -0.00468085 -0.0809434
 0.0261159
 0.0178348
  0.996217
1.64266e+09 -0.0651007 -0.160424 -0.022608 -0.0808986
 0.0270396
 0.0220823
  0.996111
1.64266e+09 -0.0667283 -0.158368 -0.00586757 -0.0857798
 0.0281542
 0.0236351
  0.995636
1.64266e+09 -0.0600292 -0.174078 -0.0470891 -0.0837026
  0.026134
 0.0317105
  0.995643
1.64266e+09 -0.0544249 -0.173191 -0.0386803 -0.090581
0.0233666
0.0418103
 0.994737
1.64266e+09 -0.0469503 -0.187365 -0.0358078 -0.0947704
 0.0214981
 0.0459939
  0.994204
1.64266e+09 -0.0364093 -0.188282 -0.0558866 -0.0957472
 0.0216202
 0.0513654
  0.993844
1.64266e+09 -0.0529086 -0.189766 -0.021211 -0.098073
0.0190511
0.0300282
 0.994544
1.64266e+09 -0.0360003 -0.199647 -0.0299975 -0.0995382
 0.0182175
 0.0448537
  0.993855
1.64266e+09 -0.0285177 -0.199922 -0.042375 -0.0964552
 0.0165479
 0.0548127
  0.993689
1.64266e+09 -0.0171494 -0.191505 -0.0562993 -0.0942902
 0.0131713
 0.0571859
  0.993814
1.64266e+09 -0.00912108 -0.186443 -0.0482849 -0.0929531
0.00885995
 0.0552432
  0.994097
1.64266e+09 -0.00388142 -0.191966 -0.075882 -0.0871975
0.00625088
 0.0492007
  0.994956
1.64266e+09 -0.0057641 -0.182274 -0.0889163 -0.0801388
0.00264481
 0.0377783
  0.996064
1.64266e+09 0.007905 -0.174009 -0.0976052  -0.0775576
0.000289232
  0.0483111
   0.995817
1.64266e+09 -0.000200531 -0.168887 -0.0845204  -0.0757617
-0.00194788
  0.0362374
   0.996465
1.64266e+09 0.00576896 -0.171928 -0.0874507  -0.0725841
-0.00519403
  0.0316654
   0.996846
1.64266e+09 0.0104433 -0.164782 -0.093148 -0.0699343
-0.0116471
 0.0258447
  0.997149
1.64266e+09 0.0210734 -0.159496 -0.0981892 -0.0659169
-0.0160946
  0.018365
  0.997526
1.64266e+09 0.0296005 -0.150482 -0.0985526 -0.0638785
-0.0176113
 0.0276368
  0.997419
1.64266e+09 0.0265923 -0.152783 -0.091737 -0.0625759
-0.0159929
 0.0170835
  0.997766
1.64266e+09 0.0314854 -0.14573 -0.0993622 -0.0604879
-0.0215324
 0.0196649
  0.997743
1.64266e+09 0.0337312 -0.141651 -0.0983354 -0.0571736
-0.0221535
 0.0139909
   0.99802
1.64266e+09 0.042394 -0.137546 -0.0925413 -0.0550721
-0.0261125
  0.017941
   0.99798
1.64266e+09 0.0452543 -0.133445 -0.102594 -0.0527286
-0.0264893
 0.0170556
  0.998112
1.64266e+09 0.0453704 -0.12088 -0.0969537 -0.0516191
 -0.025391
 0.0271876
  0.997974
1.64266e+09 0.0466202 -0.124138 -0.100279 -0.0512433
-0.0273077
 0.0154504
  0.998193
1.64266e+09 0.0514273 -0.128477 -0.0979544 -0.0494745
-0.0304248
 0.0161285
  0.998182
1.64266e+09 0.0549753 -0.132634 -0.088692 -0.0530427
-0.0305597
 0.0194054
  0.997936
1.64266e+09 0.0499008 -0.130189 -0.0896184 -0.0528113
-0.0277245
 0.0141145
   0.99812
1.64266e+09 0.0554063 -0.125648 -0.0904888 -0.0521855
-0.0316029
 0.0192767
  0.997951
1.64266e+09 0.0529555 -0.135743 -0.0861269 -0.0528254
-0.0311569
 0.0133491
  0.998028
1.64266e+09 0.0517836 -0.128612 -0.106342 -0.0481105
-0.0277731
 0.0144753
  0.998351
1.64266e+09 0.0518048 -0.130698 -0.141144 -0.0452041
-0.0250867
 0.0155763
  0.998541
1.64266e+09 0.0505787 -0.14229 -0.163768  -0.045412
-0.0202252
 0.0108545
  0.998705
1.64266e+09 0.0525181 -0.154772 -0.163658 -0.0515936
-0.0181268
 0.0216149
   0.99827
1.64266e+09 0.0535307 -0.156524 -0.17392 -0.0546388
-0.0147328
 0.0365341
  0.997729
1.64266e+09 0.0494684 -0.160036 -0.170385 -0.0533201
-0.0140305
 0.0360925
  0.997826
1.64266e+09 0.0500556 -0.163558 -0.177486 -0.0528599
-0.0150032
 0.0223105
   0.99824
1.64266e+09 0.0605727 -0.15373 -0.152596 -0.0545031
-0.0170523
 0.0424657
  0.997464
1.64266e+09 0.0486772 -0.162286 -0.143256 -0.0558586
-0.0149613
 0.0272853
  0.997954
1.64266e+09 0.0503582 -0.157966 -0.16479 -0.0551576
-0.0107189
 0.0396736
  0.997632
1.64266e+09 0.0450754 -0.156907 -0.17863 -0.0531912
-0.0120069
 0.0327883
  0.997974
1.64266e+09 0.0549375 -0.16108 -0.180434 -0.0559705
-0.0135451
 0.0423189
  0.997443
1.64266e+09 0.0554528 -0.165658 -0.175132 -0.0566088
-0.0146582
  0.036455
  0.997623
1.64266e+09 0.0436028 -0.172519 -0.173929 -0.0602118
-0.0110343
 0.0330303
  0.997578
1.64266e+09 0.034987 -0.172864 -0.133043  -0.0599459
-0.00898553
   0.031927
    0.99765
1.64266e+09 0.0414036 -0.163496 -0.183705 -0.0531533
 -0.010678
  0.030345
  0.998068
1.64266e+09 0.0379897 -0.178454 -0.180787  -0.0602796
-0.00574945
  0.0292572
   0.997736
1.64266e+09 0.0254736 -0.179485 -0.171063  -0.0606356
-0.00383435
  0.0216648
   0.997917
1.64266e+09 0.0231074 -0.189298 -0.158966 -0.0640595
-0.0023244
 0.0261166
  0.997602
1.64266e+09 0.0248117 -0.176759 -0.169395  -0.0592911
-0.00282301
  0.0197927
   0.998041
1.64266e+09 0.0198362 -0.181731 -0.133583  -0.0633756
-0.00322764
  0.0236569
   0.997704
1.64266e+09 0.00415433 -0.177313 -0.0236142 -0.0629454
0.00139185
 0.0287652
  0.997601
1.64266e+09 -0.0106326 -0.161173 0.0303978  -0.0594599
2.11998e-05
 -0.0075347
   0.998202
1.64266e+09 -0.0117642 -0.154323 0.0131962  -0.0544778
0.000564051
-0.00648151
   0.998494
1.64266e+09 -0.0109678 -0.152082 0.022783  -0.0521329
   0.001054
-0.00514297
   0.998626
1.64266e+09 -0.0087724 -0.145871 0.0180235   -0.0490579
-0.000382414
 -0.00232264
    0.998793
1.64266e+09 -0.00968038 -0.14328 0.0151766   -0.0487419
-0.000822171
 -0.00425062
    0.998802
1.64266e+09 -0.00804951 -0.142296 0.0126164    -0.047276
-0.000737196
 -0.00198419
     0.99888
1.64266e+09 -0.00806837 -0.140642 0.0150254   -0.0453302
-1.17973e-05
 -0.00647244
    0.998951
1.64266e+09 -0.00773655 -0.137137 0.0133565  -0.0451924
-0.00037241
-0.00422939
   0.998969
1.64266e+09 -0.00878528 -0.134578 0.00944298   -0.0439582
-0.000343259
 -0.00487195
    0.999021
1.64266e+09 -0.00739841 -0.131565 0.00473201   -0.042795
3.72586e-05
-0.00351511
   0.999078
1.64266e+09 -0.00897061 -0.129974 0.0158781   -0.0414675
-0.000477141
 -0.00540065
    0.999125
1.64266e+09 -0.00527802 -0.121384 0.018064  -0.0395596
  0.0013336
0.000266552
   0.999216
1.64266e+09 -0.00784094 -0.119987 -0.00153061  -0.0344125
0.000218376
-0.00915669
   0.999366
1.64266e+09 -0.00590591 -0.117347 -0.00133277   -0.0343888
-0.000166813
 -0.00247402
    0.999405
1.64266e+09 -0.00343627 -0.111576 -0.000219077   -0.0330382
-0.000755137
 0.000860888
    0.999453
1.64266e+09 -0.00217753 -0.111097 0.00204192   -0.0306468
-0.000768109
  0.00107237
    0.999529
1.64266e+09 -0.00515083 -0.105719 -0.000119873  -0.0287081
-0.00140076
-0.00267047
   0.999583
1.64266e+09 -0.00170778 -0.100346 -0.00621702   -0.0259265
 0.000472562
-0.000383581
    0.999664
1.64266e+09 -0.00304102 -0.0939212 -0.00711933    -0.023197
-0.000789636
 0.000216564
    0.999731
1.64266e+09 -0.00820192 -0.092151 -0.00778199   -0.0197182
-0.000252868
-0.000677426
    0.999805
1.64266e+09 -0.00916746 -0.0855698 -0.00963861  -0.0177107
 0.00113857
-0.00202588
    0.99984
1.64266e+09 -0.00752595 -0.0849051 -0.0117799    -0.01684
 0.00182357
0.000492796
   0.999856
1.64266e+09 -0.00626726 -0.0819499 -0.00925007 -0.0167235
0.00161133
0.00291671
  0.999855
1.64266e+09 -0.00475751 -0.0811062 -0.0103426  -0.0151954
 0.00189081
-0.00255497
   0.999879
1.64266e+09 -0.00795612 -0.0782563 -0.00969574 -0.0143598
0.00128975
0.00112375
  0.999895
1.64266e+09 -0.00567536 -0.0770203 -0.00737982  -0.013225
0.00105681
0.00068491
  0.999912
1.64266e+09 -0.00787178 -0.0743926 -0.0115534  -0.0115965
 0.00185099
-0.00183013
   0.999929
1.64266e+09 -0.00875643 -0.0723429 -0.00559946 -0.00980557
 0.00243342
 -0.0019658
   0.999947
1.64266e+09 -0.00777374 -0.0690714 -0.0123567 -0.00886031
 0.00406146
 0.00100142
   0.999952
1.64266e+09 -0.010113 -0.0660488 -0.0111972 -0.00788227
 0.00331526
0.000331479
   0.999963
1.64266e+09 -0.00995252 -0.06391 -0.00972654  -0.00568637
  0.00361485
-0.000208387
    0.999977
1.64266e+09 -0.00941729 -0.0593531 -0.0103659  -0.0042236
 0.00413645
-0.00288875
   0.999978
1.64266e+09 -0.00739855 -0.0567582 -0.00896438 -0.00264026
 0.00357793
0.000805478
    0.99999
1.64266e+09 -0.00980417 -0.053877 -0.0100445  -0.00104427
  0.00377984
-0.000857056
    0.999992
1.64266e+09 -0.00995308 -0.0526 -0.00766092  -0.00135299
  0.00397569
-0.000591756
    0.999991
1.64266e+09 -0.0106036 -0.0534148 -0.0108051 -0.000104528
  0.00419094
 -0.00396967
    0.999983
1.64266e+09 -0.010384 -0.0518907 -0.00940159 -8.64131e-05
  0.00446341
 -0.00197316
    0.999988
1.64266e+09 -0.0103439 -0.05222 -0.008451 0.000310513
 0.00436096
-0.00177956
   0.999989
1.64266e+09 -0.0100613 -0.0523452 -0.0117455 0.000783997
 0.00447885
-0.00100867
   0.999989
1.64266e+09 -0.00962525 -0.0515954 -0.00879262  0.000711068
  0.00472183
-0.000595832
    0.999988
1.64266e+09 -0.00957494 -0.0514271 -0.00899491 0.000885306
 0.00466665
-0.00089575
   0.999988
1.64266e+09 -0.00939984 -0.0509871 -0.00791948 0.000804151
  0.0048128
-0.00245449
   0.999985
1.64266e+09 -0.00900862 -0.05168 -0.00947587   0.00130576
  0.00505241
-0.000419125
    0.999986
1.64266e+09 -0.0101997 -0.0487718 -0.00448809  0.00171977
 0.00568366
-0.00168422
   0.999981
1.64266e+09 -0.0106244 -0.0503235 -0.00921512 0.00220917
   0.00589
0.00149383
  0.999979
1.64266e+09 -0.00905402 -0.0505847 -0.0106098  0.00152547
 0.00518561
-0.00130907
   0.999985
1.64266e+09 -0.0091429 -0.0521019 -0.00940644  0.00225021
 0.00515029
0.000285938
   0.999984
1.64266e+09 -0.00841185 -0.0505246 -0.00701413  0.00191965
 0.00536081
-0.00052837
   0.999984
1.64266e+09 -0.00782385 -0.0518835 -0.00899902  0.00298292
 0.00586529
-0.00160436
   0.999977
1.64266e+09 -0.00813027 -0.0508664 -0.00868754   0.00254507
  0.00573125
-0.000877227
     0.99998
1.64266e+09 -0.00820992 -0.0509651 -0.00761497   0.00268555
  0.00563937
-8.02821e-05
     0.99998
1.64266e+09 -0.00833276 -0.0510988 -0.00747781   0.00267265
  0.00573036
-0.000559582
     0.99998
1.64266e+09 -0.00855478 -0.0513566 -0.00846682   0.00278714
  0.00582428
-0.000635734
    0.999979
1.64266e+09 -0.00815939 -0.0512921 -0.0078464   0.00305816
   0.0060758
-0.000530391
    0.999977
1.64266e+09 -0.00792661 -0.0515571 -0.0092139   0.00316553
  0.00578109
-5.32493e-05
    0.999978
1.64266e+09 -0.00737843 -0.0512964 -0.00802256 0.00303944
0.00604024
 0.0013954
  0.999976
1.64266e+09 -0.00747189 -0.0516507 -0.00736385  0.00315795
 0.00668152
-0.00104288
   0.999972
1.64266e+09 -0.00851708 -0.051753 -0.00824679 0.00298889
0.00699212
0.00223436
  0.999969
1.64266e+09 -0.0083482 -0.0516966 -0.00797397  0.00294103
 0.00730525
0.000828313
   0.999969
1.64266e+09 -0.00813831 -0.0528969 -0.00731481   0.00186429
  0.00790892
-0.000871426
    0.999967
1.64266e+09 -0.00958766 -0.0528276 -0.00875959   0.0014771
 0.00752606
0.000357074
   0.999971
1.64266e+09 -0.0084826 -0.0541588 -0.00739178  0.00272666
 0.00833954
0.000132754
   0.999961
1.64266e+09 -0.00953665 -0.0542269 -0.005092 0.00266513
0.00784092
0.00331511
   0.99996
1.64266e+09 -0.00907863 -0.0543148 -0.00685058  0.00299279
 0.00836675
-0.00143841
   0.999959
1.64266e+09 -0.0105854 -0.0530275 -0.0063109  0.00326152
 0.00938054
0.000469695
   0.999951
1.64266e+09 -0.00909725 -0.0527899 -0.00936739 0.00370719
 0.0086876
0.00153133
  0.999954
1.64266e+09 -0.00846128 -0.0525166 -0.0110563 0.00255854
0.00916021
0.00240989
  0.999952
1.64266e+09 -0.00963156 -0.0544429 -0.00564187   0.00218192
  0.00960969
-0.000242066
    0.999951
1.64266e+09 -0.00758938 -0.0531666 -0.0077006 0.00326935
0.00821389
0.00179774
  0.999959
1.64266e+09 -0.00732054 -0.0541217 -0.00710214  0.00372975
 0.00844039
0.000890628
   0.999957
1.64266e+09 -0.00696597 -0.0533583 -0.00687409 0.00343395
0.00835834
0.00102768
  0.999959
1.64266e+09 -0.00816933 -0.0540678 -0.00818456 0.00360021
 0.0094094
0.00106955
  0.999949
1.64266e+09 -0.008499 -0.0535696 -0.00640895 0.00329753
0.00918438
 0.0022184
   0.99995
1.64266e+09 -0.00781505 -0.0539933 -0.00451509 0.00365962
0.00992796
0.00114669
  0.999943
1.64266e+09 -0.00818405 -0.0538789 -0.00721357 0.00347888
0.00973828
0.00198328
  0.999945
1.64266e+09 -0.00880083 -0.053996 -0.00630333   0.00366333
  0.00986063
-0.000479768
    0.999945
1.64266e+09 -0.00857656 -0.055337 -0.0057962 0.00399723
0.00958505
0.00198589
  0.999944
1.64266e+09 -0.00808922 -0.0544081 -0.0107199 0.00355937
0.00991516
0.00179516
  0.999943
1.64266e+09 -0.00848379 -0.0542659 -0.0095241   0.0035743
 0.00959325
0.000198592
   0.999948
1.64266e+09 -0.00796294 -0.0547884 -0.0100613  0.0035637
0.00946425
0.00417616
   0.99994
1.64266e+09 -0.00770704 -0.0575296 -0.00921996  0.0022532
0.00949242
0.00290367
  0.999948
1.64266e+09 -0.00787113 -0.0576981 -0.00385493  0.00260321
 0.00946952
0.000262142
   0.999952
1.64266e+09 -0.00695249 -0.0559901 -0.0075891 0.00185596
0.00966367
0.00027088
  0.999952
1.64266e+09 -0.00772278 -0.0573926 -0.00834101  0.0027098
 0.0089655
0.00119822
  0.999955
1.64266e+09 -0.0079971 -0.0564588 -0.00348656 0.00250497
0.00894794
0.00127307
  0.999956
1.64266e+09 -0.00735145 -0.0572148 -0.00741386 0.00289471
0.00925921
0.00260565
   0.99995
1.64266e+09 -0.00804211 -0.0572065 -0.00753642 0.00299149
 0.0089029
0.00304582
  0.999951
1.64266e+09 -0.00806097 -0.0564621 -0.00723498   0.00315445
  0.00930749
-0.000392982
    0.999952
1.64266e+09 -0.00721799 -0.0575005 -0.004567 0.00373551
0.00976211
0.00250853
  0.999942
1.64266e+09 -0.00762492 -0.0573179 -0.00865486 0.00365246
0.00935122
0.00146844
  0.999949
1.64266e+09 -0.00746601 -0.0572714 -0.00384603    0.0037928
  0.00923871
-0.000482898
     0.99995
1.64266e+09 -0.00456991 -0.0594866 -0.00909237 0.00331038
0.00899696
0.00210886
  0.999952
1.64266e+09 -0.00399896 -0.0592261 -0.00879958 0.00330408
0.00896456
0.00276519
  0.999951
1.64266e+09 -0.00567738 -0.0587758 -0.0069392  0.00363941
  0.0085633
0.000382517
   0.999957
1.64266e+09 -0.00514737 -0.0581327 -0.00580826 0.00360343
0.00903108
0.00193572
  0.999951
1.64266e+09 -0.00523942 -0.0576447 -0.00926248 0.00387333
0.00921576
  0.001588
  0.999949
1.64266e+09 -0.00572996 -0.0576104 -0.00688174 0.00436825
 0.0092802
0.00165898
  0.999946
1.64266e+09 -0.00599458 -0.0575173 -0.00815414  0.0049554
0.00920415
0.00222304
  0.999943
1.64266e+09 -0.00586172 -0.0571942 -0.00789115 0.00518793
0.00954852
0.00133091
   0.99994
1.64266e+09 -0.00591135 -0.0571925 -0.00605293 0.00526388
 0.0094851
0.00166783
   0.99994
1.64266e+09 -0.00647675 -0.057963 -0.00741939  0.00579214
 0.00915934
4.07897e-05
   0.999941
1.64266e+09 -0.00614603 -0.0568283 -0.00784768  0.00558665
 0.00934207
0.000829931
    0.99994
1.64266e+09 -0.00644451 -0.0559758 -0.00883782  0.00674087
  0.0085356
0.000476027
   0.999941
1.64266e+09 -0.0053769 -0.0551844 -0.00773894 0.00698312
0.00879614
0.00234065
  0.999934
1.64266e+09 -0.00660156 -0.0553773 -0.0071089 0.00704122
0.00839662
0.00134902
  0.999939
1.64266e+09 -0.00618832 -0.0538007 -0.0134091   0.00807811
  0.00828511
-0.000204505
    0.999933
1.64266e+09 -0.00591507 -0.0544076 -0.00678712 0.00823877
0.00825161
0.00114099
  0.999931
1.64266e+09 -0.00539405 -0.0538607 -0.00684313 0.00817405
0.00858033
0.00212216
  0.999928
1.64266e+09 -0.00484987 -0.0544175 -0.00945817 0.00778314
0.00905542
0.00374597
  0.999922
1.64266e+09 -0.00639319 -0.0557375 -0.0117741 0.00821617
0.00826676
0.00199422
   0.99993
1.64266e+09 -0.00720429 -0.055383 -0.00606949 0.00806982
0.00809351
0.00243941
  0.999932
1.64266e+09 -0.00824322 -0.0568631 -0.00534186  0.00819454
 0.00838559
0.000526084
   0.999931
1.64266e+09 -0.00826334 -0.058607 -0.00608074 0.00821487
0.00905596
 0.0032556
   0.99992
1.64266e+09 -0.0068327 -0.0569215 -0.00799978 0.00801353
0.00811216
0.00195596
  0.999933
1.64266e+09 -0.0084906 -0.0585298 -0.00791098 0.00759415
0.00848659
0.00130061
  0.999934
1.64266e+09 -0.00962134 -0.0595004 -0.00560197 0.00838279
 0.0079975
0.00128178
  0.999932
1.64266e+09 -0.00820384 -0.0585324 -0.00835859 0.00782749
0.00848597
0.00224731
  0.999931
1.64266e+09 -0.00738625 -0.0559389 -0.00875723 0.00879702
0.00812417
0.00524198
  0.999915
1.64266e+09 -0.00610861 -0.0583355 -0.00769029  0.00806588
 0.00674297
0.000945434
   0.999944
1.64266e+09 -0.00785981 -0.0580596 -0.00899544  0.00837158
 0.00716616
0.000915138
   0.999939
1.64266e+09 -0.00738683 -0.058675 -0.0128713  0.00852234
 0.00635164
0.000240817
   0.999943
1.64266e+09 -0.00633925 -0.0589268 -0.00898332 0.00879122
0.00617272
0.00208211
   0.99994
1.64266e+09 -0.00840416 -0.0584866 -0.00871795  0.00934189
 0.00690823
0.000339552
   0.999932
1.64266e+09 -0.0068162 -0.0561738 -0.00659694  0.0103208
0.00670365
0.00296213
   0.99992
1.64266e+09 -0.0078998 -0.0560417 -0.00785838  0.0105799
0.00615548
0.00264274
  0.999922
1.64266e+09 -0.00589241 -0.0573652 -0.0134915 0.00970365
0.00603381
0.00276075
  0.999931
1.64266e+09 -0.00874739 -0.059368 -0.0049044  0.00913468
 0.00583755
0.000842144
   0.999941
1.64266e+09 -0.00727634 -0.0585521 -0.00846534 0.00956334
0.00639543
0.00142197
  0.999933
1.64266e+09 -0.0074062 -0.0586803 -0.0082767  0.0100324
0.00589956
0.00366192
  0.999926
1.64266e+09 -0.007902 -0.0582381 -0.00912231   0.010202
0.00582161
0.00318892
  0.999926
1.64266e+09 -0.00771145 -0.0580983 -0.00614444 0.00975189
0.00570083
0.00428655
  0.999927
1.64266e+09 -0.00748802 -0.0596721 -0.0095687  0.0104954
0.00585815
0.00300078
  0.999923
1.64266e+09 -0.00722931 -0.0604886 -0.00663831  0.0106226
0.00563377
0.00139283
  0.999927
1.64266e+09 -0.00709706 -0.0596875 -0.00804485    0.01016
 0.0059163
0.00251459
  0.999928
1.64266e+09 -0.00760072 -0.0603181 -0.009511   0.010263
0.00573386
0.00237437
  0.999928
1.64266e+09 -0.00830342 -0.0615457 -0.00907068  0.0100535
0.00663691
0.00324452
  0.999922
1.64266e+09 -0.00985936 -0.0623194 -0.0098319 0.00979473
0.00758474
0.00331843
  0.999918
1.64266e+09 -0.0101797 -0.0622746 -0.0095252 0.00960102
0.00695166
0.00380375
  0.999923
1.64266e+09 -0.0103563 -0.0624296 -0.0122112 0.00988488
0.00677633
0.00162836
  0.999927
1.64266e+09 -0.0103118 -0.0621195 -0.0103073 0.00986588
0.00678664
0.00111438
  0.999928
1.64266e+09 -0.0115319 -0.0628954 -0.0077154    0.0101682
  0.00657992
-0.000577322
    0.999926
1.64266e+09 -0.00993876 -0.063025 -0.0106752  0.0100942
0.00687718
0.00272458
  0.999922
1.64266e+09 -0.0107643 -0.0644099 -0.0111747  0.0102183
 0.0069824
0.00197438
  0.999921
1.64266e+09 -0.0109307 -0.0647802 -0.0101491  0.0102432
0.00687684
0.00322058
  0.999919
1.64266e+09 -0.0104456 -0.0654208 -0.00808564  0.00978044
  0.0066438
0.000481665
    0.99993
1.64266e+09 -0.00925725 -0.0645506 -0.00640782  0.0104016
0.00628729
0.00149189
  0.999925
1.64266e+09 -0.00981394 -0.0647884 -0.00824655   0.0103948
 0.00626485
0.000705619
   0.999926
1.64266e+09 -0.0101673 -0.066808 -0.00780773  0.0105837
0.00501546
-0.0014247
   0.99993
1.64266e+09 -0.00976118 -0.0659315 -0.00921148 0.00982987
0.00545347
0.00119062
  0.999936
1.64266e+09 -0.00968276 -0.0669735 -0.00873002  0.0104275
0.00576247
0.00169063
  0.999928
1.64266e+09 -0.00992222 -0.0678836 -0.0102491 0.00922963
0.00668359
0.00261506
  0.999932
1.64266e+09 -0.0111556 -0.0689423 -0.0103343  0.00970183
 0.00646798
0.000489997
   0.999932
1.64266e+09 -0.0112761 -0.069118 -0.0053266 0.00943234
0.00655786
0.00217212
  0.999932
1.64266e+09 -0.0128225 -0.0689657 -0.00774427  0.00960829
 0.00770607
-0.00109784
   0.999924
1.64266e+09 -0.0123678 -0.0694319 -0.00592558   0.0102988
 0.00786509
-0.00042206
   0.999916
1.64266e+09 -0.0127752 -0.068968 -0.00517936  0.00994257
 0.00766699
-0.00052297
   0.999921
1.64266e+09 -0.0141323 -0.0677261 -0.00868436   0.0102773
 0.00891472
0.000385576
   0.999907
1.64266e+09 -0.0136698 -0.068869 -0.00973212  0.0106044
0.00882096
0.00087946
  0.999904
1.64266e+09 -0.0144898 -0.0679651 -0.00637983  0.0113621
0.00878732
0.00189944
  0.999895
1.64266e+09 -0.013968 -0.070221 -0.0077947    0.0103817
  0.00938438
-0.000568346
    0.999902
1.64266e+09 -0.0128776 -0.0710493 -0.00860849  0.0106105
 0.0091317
0.00202662
    0.9999
1.64266e+09 -0.0158807 -0.0717894 -0.00726852   0.00974909
  0.00957432
-0.000250577
    0.999907
1.64266e+09 -0.0148886 -0.0714271 -0.00567439   0.00986215
   0.0100658
-0.000525442
    0.999901
1.64266e+09 -0.0142988 -0.0726529 -0.00364573     0.010686
   0.0101073
-4.44695e-05
    0.999892
1.64266e+09 -0.0142075 -0.0730336 0.000149608   0.0107545
 0.00934527
0.000359586
   0.999898
1.64266e+09 -0.0141173 -0.0743022 -0.0061279   0.0113123
 0.00927029
-0.00196209
   0.999891
1.64266e+09 -0.0130084 -0.0722272 -0.00604852   0.010328
 0.0097909
0.00167541
  0.999897
1.64266e+09 -0.0126419 -0.0720812 -0.00667399    0.0105449
  0.00966624
-0.000174684
    0.999898
1.64266e+09 -0.0123253 -0.0729466 -0.0072078    0.011019
 0.00967599
0.000253782
   0.999892
1.64266e+09 -0.0128047 -0.0734201 -0.0101859    0.0115677
  0.00984962
-0.000440667
    0.999884
1.64266e+09 -0.0122377 -0.0735546 -0.00254164    0.0119197
  0.00961425
-0.000216746
    0.999883
1.64266e+09 -0.0120062 -0.0738401 -0.00854181    0.0117814
  0.00992249
-0.000162926
    0.999881
1.64266e+09 -0.0127542 -0.0718408 -0.00566893    0.0118506
   0.0109787
-0.000411105
    0.999869
1.64266e+09 -0.0106524 -0.0722411 -0.00841852    0.012017
  0.0101197
0.000143873
   0.999877
1.64266e+09 -0.00921545 -0.072645 -0.00392445    0.0121993
  0.00949531
-6.67668e-05
     0.99988
1.64266e+09 -0.0102144 -0.0727021 -0.00690674   0.0124394
  0.0107532
-0.00106503
   0.999864
1.64266e+09 -0.00921751 -0.0729803 -0.00241944   0.0130231
  0.0107147
0.000574112
   0.999858
1.64266e+09 -0.00877927 -0.0729176 -0.00377821   0.0127627
  0.0107131
-0.00149065
    0.99986
1.64266e+09 -0.0100387 -0.0734049 -0.00188207   0.0127244
  0.0102397
-0.00319168
   0.999862
1.64266e+09 -0.00818818 -0.0729377 -0.00549594  0.0131367
0.00989447
0.00115474
  0.999864
1.64266e+09 -0.0075333 -0.0737802 -0.00510915    0.012288
  0.0103881
0.000415419
    0.99987
1.64266e+09 -0.00964221 -0.0755632 -0.00608687    0.012925
  0.0104054
-0.00182914
   0.999861
1.64266e+09 -0.00916451 -0.0764081 -0.00757467   0.0121356
  0.0110786
-0.00244928
   0.999862
1.64266e+09 -0.00871373 -0.076878 -0.00481448   0.0125063
  0.0111792
-0.00162497
   0.999858
1.64266e+09 -0.00844845 -0.0758348 -0.000628874    0.0123617
   0.0112641
-0.000276392
     0.99986
1.64266e+09 -0.00787586 -0.0766038 -0.00810748  0.0127979
 0.0121755
0.00196276
  0.999842
1.64266e+09 -0.00929958 -0.0744784 -0.0041131   0.0128243
  0.0119921
-0.00279122
   0.999842
1.64266e+09 -0.00646295 -0.074386 -0.00696784   0.0135054
  0.0110933
-0.00296549
   0.999843
1.64266e+09 -0.00723044 -0.0765681 -0.00643947   0.0136464
  0.0119029
-0.00280122
   0.999832
1.64266e+09 -0.00796186 -0.076371 -0.0050528   0.0128206
  0.0128975
-0.00243794
   0.999832
1.64266e+09 -0.00998359 -0.0768826 -0.00291136   0.0134068
   0.013701
-0.00445227
   0.999806
1.64266e+09 -0.00942681 -0.0743944 -0.00239824    0.0144008
   0.0137229
-8.75043e-05
    0.999802
1.64266e+09 -0.00790312 -0.0743911 -0.00137429   0.0142247
   0.013605
-0.00104833
   0.999806
1.64266e+09 -0.00768478 -0.0762144 -0.00148215   0.0141139
   0.013816
-0.00148292
   0.999804
1.64266e+09 -0.00802597 -0.0750168 -0.00687618    0.0141332
    0.014324
-0.000719923
    0.999797
1.64266e+09 -0.00958258 -0.0742131 -0.00314352   0.0145718
  0.0152989
-0.00119583
   0.999776
1.64266e+09 -0.00979028 -0.0754524 -0.00945449   0.0154398
  0.0165187
-0.00106293
   0.999744
1.64266e+09 -0.00998678 -0.0735364 -0.00310913    0.0158804
   0.0162307
-0.000690516
    0.999742
1.64266e+09 -0.00757344 -0.075683 -0.000977516   0.0151696
  0.0153488
-0.00392842
   0.999759
1.64266e+09 -0.0078902 -0.0766292 -0.00366469    0.014716
  0.0158139
-0.00109382
   0.999766
1.64266e+09 -0.00812528 -0.0765089 -0.00210496   0.0146088
  0.0161192
-0.00208244
   0.999761
1.64266e+09 -0.00767531 -0.0773122 -0.00834702   0.0146995
  0.0154153
-0.00110042
   0.999773
1.64266e+09 -0.00605179 -0.0747419 -0.0013721   0.0151437
  0.0153521
-0.00259258
   0.999764
1.64266e+09 -0.0046835 -0.0748667 -0.00421493   0.0148967
  0.0152082
-0.00036336
   0.999773
1.64266e+09 -0.00585585 -0.0760325 -0.00213557   0.0155773
  0.0151827
-0.00343233
   0.999757
1.64266e+09 -0.00404805 -0.0763082 -0.00713951   0.0157818
  0.0155837
-0.00289876
    0.99975
1.64266e+09 -0.00521364 -0.0776806 -0.00470914      0.01497
   0.0158457
-0.000765676
    0.999762
1.64266e+09 -0.00685436 -0.0777449 -0.00342241    0.014978
  0.0170448
-0.00118516
   0.999742
1.64266e+09 -0.0106999 -0.0792861 -0.00402648   0.0150623
  0.0194277
-0.00374925
   0.999691
1.64266e+09 -0.0101976 -0.0782292 -0.00172474   0.0139617
  0.0191523
-0.00269402
   0.999715
1.64266e+09 -0.00989173 -0.0788019 -0.00178247   0.0142843
  0.0191257
-0.00213351
   0.999713
1.64266e+09 -0.00932051 -0.0787108 -0.00128108   0.0146963
  0.0192504
-0.00329042
   0.999701
1.64266e+09 -0.00819295 -0.0789377 -0.00204162    0.0148094
   0.0196857
-0.000738724
    0.999696
1.64266e+09 -0.00989777 -0.0777154 -0.00649014   0.0168538
  0.0210345
-0.00147674
   0.999636
1.64266e+09 -0.0100973 -0.076803 0.000436567    0.0161019
   0.0197386
-0.000395574
    0.999675
1.64266e+09 -0.00817109 -0.0769216 0.00135303   0.0157391
  0.0209971
0.000256931
   0.999656
1.64266e+09 -0.00813371 -0.08092 -0.0015174   0.0155039
  0.0199276
-0.00261202
   0.999678
1.64266e+09 -0.00749772 -0.0796654 -0.00537362   0.0157673
  0.0205832
0.000940815
   0.999663
1.64266e+09 -0.00871252 -0.078831 0.000386478   0.016208
 0.0210732
-0.0012706
  0.999646
1.64266e+09 -0.00915175 -0.0801287 0.000221727    0.0163005
   0.0210638
-0.000778698
    0.999645
1.64266e+09 -0.00805226 -0.0814267 -0.00604934   0.0157308
  0.0203686
-0.00222892
   0.999666
1.64266e+09 -0.00602113 -0.0807513 -0.00195839 0.0151743
0.0209981
0.0037718
 0.999657
1.64266e+09 -0.0103955 -0.0815313 0.00279628   0.0152269
  0.0214893
-0.00302035
   0.999649
1.64266e+09 -0.00986479 -0.0815284 0.00199483   0.0147754
  0.0216002
-0.00152004
   0.999656
1.64266e+09 -0.0068073 -0.0841944 -0.000121156    0.0143797
   0.0212811
-0.000585318
     0.99967
1.64266e+09 -0.01045 -0.0835212 -0.00175146   0.0153557
  0.0225453
-0.00457549
   0.999617
1.64266e+09 -0.00973259 -0.0837975 -0.0024744   0.0151104
  0.0225434
-0.00115851
   0.999631
1.64266e+09 -0.00927966 -0.085673 0.00256613    0.014274
  0.0224845
-0.00119965
   0.999645
1.64266e+09 -0.00945304 -0.0866274 -0.00409044   0.0145702
   0.022442
-0.00284255
   0.999638
1.64266e+09 -0.00937377 -0.0858958 0.000902322   0.0147859
  0.0221775
-0.00186391
   0.999643
1.64266e+09 -0.0108298 -0.0858273 0.00156478   0.0146991
  0.0226273
-0.00208363
   0.999634
1.64266e+09 -0.00950458 -0.0871712 -0.00106645   0.0152019
  0.0233365
-0.00257278
   0.999609
1.64266e+09 -0.0117746 -0.0871108 0.00313497    0.014498
  0.0238251
-0.00424504
   0.999602
1.64266e+09 -0.0105983 -0.0892933 0.00254683    0.014495
  0.0237287
-0.00151334
   0.999612
1.64266e+09 -0.0109199 -0.0900284 0.00204916   0.0141072
  0.0241025
-0.00202021
   0.999608
1.64266e+09 -0.0129216 -0.089901 0.00475099   0.0142096
  0.0242493
-0.00154403
   0.999604
1.64266e+09 -0.0122319 -0.0898162 0.00429748    0.014105
  0.0248137
-0.00166547
   0.999591
1.64266e+09 -0.0123037 -0.0900654 0.00187697    0.0142421
   0.0249277
-0.000537292
    0.999588
1.64266e+09 -0.010694 -0.0913212 0.0010982    0.0150312
   0.0255033
-0.000122744
    0.999562
1.64266e+09 -0.0137829 -0.0917682 0.000325799    0.014664
  0.0257498
-0.00276887
   0.999557
1.64266e+09 -0.0131 -0.0915306 0.00285579   0.0146787
  0.0262781
-0.00104516
   0.999546
1.64266e+09 -0.0145179 -0.0915569 0.000249254   0.0145313
  0.0258053
-0.00338919
   0.999556
1.64266e+09 -0.0142003 -0.0915144 0.000802616   0.0146195
  0.0262909
0.000354358
   0.999547
1.64266e+09 -0.0168741 -0.0920342 0.00688889    0.015087
  0.0275545
-0.00166215
   0.999505
1.64266e+09 -0.0173567 -0.0913669 0.00667932     0.01518
  0.0276133
-0.00232853
   0.999501
1.64266e+09 -0.0192359 -0.0923271 0.00159472   0.0159897
  0.0285978
-0.00305749
   0.999458
1.64266e+09 -0.017894 -0.0934459 0.00449181  0.0163142
 0.0292125
0.00223185
  0.999438
1.64266e+09 -0.0169888 -0.0913832 -0.00286112     0.01691
  0.0282343
-0.00444362
   0.999448
1.64266e+09 -0.0169368 -0.0920199 0.00356827   0.0164501
  0.0284198
-0.00213989
   0.999458
1.64266e+09 -0.0167034 -0.0929191 0.00115405   0.0165254
  0.0284037
-0.00114342
   0.999459
1.64266e+09 -0.0142153 -0.0937902 0.0018358   0.0157349
  0.0276094
-0.00157537
   0.999494
1.64266e+09 -0.0142347 -0.0947878 0.00461175   0.0163149
   0.027587
-0.00185527
   0.999485
1.64266e+09 -0.0140212 -0.0937336 0.00820717   0.0159912
  0.0285857
-0.00150464
   0.999462
1.64266e+09 -0.0161438 -0.0953687 0.00221002   0.0158674
  0.0286936
3.39259e-05
   0.999462
1.64266e+09 -0.0142046 -0.0980053 -0.000521081    0.0156356
   0.0284753
-0.000770702
    0.999472
1.64266e+09 -0.0172475 -0.0964784 0.0054494   0.0154995
   0.029542
-0.00135207
   0.999442
1.64266e+09 -0.0180173 -0.0989402 0.00449166   0.0156367
  0.0299945
-0.00296544
   0.999423
1.64266e+09 -0.0172975 -0.0992288 0.00362334    0.0155705
   0.0303159
-0.000875378
    0.999419
1.64266e+09 -0.0173243 -0.0996877 0.00576859   0.0153071
  0.0299513
-0.00200478
   0.999432
1.64266e+09 -0.0153804 -0.101005 0.00369067   0.0159798
  0.0293821
-0.00085175
    0.99944
1.64266e+09 -0.0180267 -0.101523 0.00387261    0.0150918
    0.030425
-0.000875007
    0.999423
1.64266e+09 -0.0165369 -0.101781 0.00659512  0.0160931
 0.0309404
0.00096708
  0.999391
1.64266e+09 -0.0165826 -0.101128 0.00462851  0.0156446
 0.0304717
0.00185126
  0.999411
1.64266e+09 -0.0192381 -0.102867 0.00405567   0.0160477
   0.031354
-0.00123385
   0.999379
1.64266e+09 -0.0204422 -0.102424 0.00249145    0.0171283
   0.0322587
-7.72492e-05
    0.999333
1.64266e+09 -0.0194112 -0.102141 0.00656681   0.0169679
  0.0321098
0.000489284
    0.99934
1.64266e+09 -0.019448 -0.101958 0.00421999    0.0167986
   0.0323572
-0.000442903
    0.999335
1.64266e+09 -0.0195419 -0.102334 0.00497979    0.017617
  0.0317654
-0.00069598
    0.99934
1.64266e+09 -0.0187426 -0.100169 -0.000627459   0.0186936
  0.0324315
-0.00198361
   0.999297
1.64266e+09 -0.0164763 -0.100247 0.0036522    0.01899
 0.0323764
0.00348726
  0.999289
1.64266e+09 -0.0174131 -0.100958 0.00197622  0.0190039
 0.0319936
0.00136551
  0.999306
1.64266e+09 -0.019587 -0.104165 0.00186189   0.0178606
  0.0319077
-0.00259825
   0.999328
1.64266e+09 -0.0185851 -0.104486 0.00242178   0.0177107
  0.0321437
-0.00123202
   0.999326
1.64266e+09 -0.0190326 -0.103636 -0.000108648    0.0183152
   0.0325081
-0.000194877
    0.999304
1.64266e+09 -0.0191025 -0.104123 0.00204386   0.0186473
  0.0320288
0.000958336
   0.999313
1.64266e+09 -0.0185126 -0.105433 0.00266319     0.018722
   0.0322631
-4.81846e-05
    0.999304
1.64266e+09 -0.0180314 -0.102444 0.00247905  0.0202932
 0.0324981
0.00353742
  0.999259
1.64266e+09 -0.0182693 -0.103175 0.00496958   0.019232
 0.0325029
0.00221533
  0.999284
1.64266e+09 -0.0188014 -0.108405 0.0053887   0.0183313
  0.0326776
-0.00160247
   0.999297
1.64266e+09 -0.019836 -0.106396 0.00674413   0.0191756
  0.0329619
0.000885101
   0.999272
1.64266e+09 -0.0216478 -0.107924 0.00877339   0.0172217
  0.0336407
0.000205471
   0.999286
1.64266e+09 -0.0219016 -0.110686 0.00731649   0.017458
 0.0343217
0.00103206
  0.999258
1.64266e+09 -0.0220677 -0.110475 0.00699664    0.0182016
   0.0344968
-0.000564502
    0.999239
1.64266e+09 -0.0249641 -0.110271 0.0091619   0.0180978
  0.0346403
-0.00421779
   0.999227
1.64266e+09 -0.0179015 -0.110936 0.00415165  0.0181672
  0.033355
0.00229834
  0.999276
1.64266e+09 -0.0201359 -0.111442 0.000532885  0.0188525
 0.0337418
0.00137629
  0.999252
1.64266e+09 -0.0202672 -0.110074 0.00680583  0.0190418
 0.0335052
0.00199785
  0.999255
1.64266e+09 -0.0183698 -0.111386 -0.00230783  0.019515
0.0334375
0.0018611
 0.999249
1.64266e+09 -0.0185383 -0.108314 0.00627303 0.0211316
0.0328812
0.0025134
 0.999233
1.64266e+09 -0.0185232 -0.108987 0.00971622  0.0210468
 0.0328938
0.00106112
  0.999237
1.64266e+09 -0.0182333 -0.110246 0.00589098  0.0202984
  0.032966
0.00282195
  0.999246
1.64266e+09 -0.0194236 -0.115754 0.00818484   0.019403
 0.0328993
0.00243116
  0.999267
1.64266e+09 -0.0195143 -0.115312 0.00965782  0.019298
0.0336201
0.0024256
 0.999245
1.64266e+09 -0.0196027 -0.114603 0.00705779  0.0203351
 0.0331007
0.00233651
  0.999242
1.64266e+09 -0.0180775 -0.114935 0.00524962  0.0206044
 0.0325036
0.00187218
  0.999257
1.64266e+09 -0.0189832 -0.116512 0.0153484   0.0200562
  0.0329587
0.000882214
   0.999255
1.64266e+09 -0.0176074 -0.115553 0.00640181  0.0197199
 0.0333613
0.00437716
  0.999239
1.64266e+09 -0.0170589 -0.11462 0.0100471  0.0204142
  0.032116
0.00401149
  0.999268
1.64266e+09 -0.0180564 -0.116584 0.000238607  0.0215441
 0.0340477
0.00373232
  0.999181
1.64266e+09 -0.018113 -0.116127 -0.000609298  0.0200281
 0.0340775
0.00482539
  0.999207
1.64266e+09 -0.0201393 -0.120687 0.00779211   0.019284
 0.0343584
0.00435346
  0.999214
1.64266e+09 -0.0186135 -0.119135 0.00582665  0.0203943
 0.0333204
0.00216021
  0.999234
1.64266e+09 -0.0158633 -0.118669 0.00574258  0.0208684
 0.0323209
0.00275738
  0.999256
1.64266e+09 -0.0163294 -0.118514 0.00631383  0.0211811
 0.0317822
0.00264098
  0.999267
1.64266e+09 -0.0160475 -0.119962 0.00256068 0.0216213
0.0321519
 0.000724
 0.999249
1.64266e+09 -0.0166544 -0.123936 0.00496453  0.0192944
 0.0315983
0.00557243
  0.999299
1.64266e+09 -0.0166416 -0.121607 0.00628707  0.0205801
 0.0323714
0.00297048
   0.99926
1.64266e+09 -0.017067 -0.122449 0.00893458  0.0212281
 0.0320839
0.00307979
  0.999255
1.64266e+09 -0.0170031 -0.123132 0.00808151  0.0211131
 0.0316853
0.00237838
  0.999272
1.64266e+09 -0.0152711 -0.12082 0.00694539  0.0213659
 0.0315838
0.00582821
  0.999256
1.64266e+09 -0.0157565 -0.122555 0.00593119  0.0222585
  0.031801
0.00221131
  0.999244
1.64266e+09 -0.0162163 -0.122553 0.00628645   0.022277
 0.0318361
0.00500019
  0.999232
1.64266e+09 -0.0171825 -0.122167 0.00579737  0.0220386
 0.0316852
0.00410624
  0.999246
1.64266e+09 -0.0173961 -0.122668 0.00538529  0.0231875
 0.0317098
0.00499759
  0.999216
1.64266e+09 -0.0170617 -0.121078 0.00735088  0.0234589
 0.0321673
0.00353871
  0.999201
1.64266e+09 -0.0173089 -0.121452 0.00561451  0.0239794
 0.0326044
0.00531157
  0.999167
1.64266e+09 -0.0173625 -0.123491 0.00914107   0.023209
 0.0320884
0.00576731
  0.999199
1.64266e+09 -0.0182592 -0.12405 0.00453379  0.0230837
 0.0318521
0.00254751
  0.999223
1.64266e+09 -0.0170759 -0.124973 0.00668444 0.0232743
0.0323062
0.0052922
 0.999193
1.64266e+09 -0.0166444 -0.12528 0.00734453  0.0233683
 0.0322468
0.00679902
  0.999184
1.64266e+09 -0.0179994 -0.125176 0.00393744  0.0231854
 0.0318842
0.00510104
   0.99921
1.64266e+09 -0.0181899 -0.123896 0.00501765  0.0236345
 0.0326811
0.00582528
  0.999169
1.64266e+09 -0.0190672 -0.124833 0.00508268 0.0237833
0.0324611
0.0062714
  0.99917
1.64266e+09 -0.0187119 -0.125534 0.00735353  0.0242092
 0.0325449
0.00664747
  0.999155
1.64266e+09 -0.0186172 -0.123877 0.00344202  0.0260091
  0.032868
0.00604793
  0.999103
1.64266e+09 -0.0197095 -0.124313 0.00662314  0.0254136
 0.0322124
0.00449286
  0.999148
1.64266e+09 -0.0171673 -0.123045 0.00390828   0.025839
 0.0319533
0.00745654
  0.999127
1.64266e+09 -0.0188907 -0.123498 0.00138758   0.026393
 0.0322409
0.00854163
  0.999095
1.64266e+09 -0.0193672 -0.121411 0.00508016 0.0271339
0.0325509
0.0060805
 0.999083
1.64266e+09 -0.0204006 -0.127437 0.00638809  0.0244973
 0.0326957
0.00408021
  0.999157
1.64266e+09 -0.016561 -0.128599 -0.00186272  0.0248165
 0.0320017
0.00943928
  0.999135
1.64266e+09 -0.0174543 -0.131309 0.0108215  0.0245432
 0.0313926
0.00562872
   0.99919
1.64266e+09 -0.0170914 -0.130495 0.00561437  0.0239154
 0.0312976
0.00688024
    0.9992
1.64266e+09 -0.018539 -0.130966 0.0063464  0.0244506
 0.0313358
0.00317656
  0.999205
1.64266e+09 -0.0171143 -0.130234 0.00517313  0.0240598
 0.0313379
0.00790503
  0.999188
1.64266e+09 -0.017783 -0.130484 0.00347315  0.0256006
 0.0321132
0.00747273
  0.999128
1.64266e+09 -0.0184839 -0.129908 0.0044334 0.0250053
0.0320561
0.0059306
 0.999156
1.64266e+09 -0.0190674 -0.131046 0.00308312 0.0253133
0.0316546
0.0076328
 0.999149
1.64266e+09 -0.0201035 -0.131359 0.00749112  0.0248311
 0.0330193
0.00584319
  0.999129
1.64266e+09 -0.0198123 -0.134095 0.00553992 0.0241777
0.0320942
0.0068447
 0.999169
1.64266e+09 -0.0207273 -0.134353 0.0100261  0.0244574
 0.0319326
0.00540822
  0.999176
1.64266e+09 -0.0202901 -0.13595 0.00215645  0.0243556
 0.0328261
0.00896206
  0.999124
1.64266e+09 -0.0229568 -0.137007 0.00811858  0.0231246
 0.0333775
0.00648303
  0.999154
1.64266e+09 -0.0223657 -0.137118 0.00709751   0.022914
 0.0335572
0.00931235
  0.999131
1.64266e+09 -0.0226155 -0.138231 0.00717479  0.0234109
 0.0333364
0.00835192
  0.999135
1.64266e+09 -0.0250401 -0.136525 0.0109419  0.0237045
 0.0331705
0.00322667
  0.999163
1.64266e+09 -0.0236446 -0.14034 0.0113397   0.022459
 0.0335986
0.00719024
  0.999157
1.64266e+09 -0.0219965 -0.141099 0.00830059  0.0231005
 0.0337246
0.00732563
  0.999137
1.64266e+09 -0.020082 -0.140969 0.0108358  0.0230784
 0.0313788
0.00578611
  0.999224
1.64266e+09 -0.0202867 -0.139937 0.0120412  0.0232679
 0.0316884
0.00634893
  0.999207
1.64266e+09 -0.0202469 -0.140265 0.0102403 0.0230792
 0.032091
 0.007811
 0.999188
1.64266e+09 -0.0205388 -0.141068 0.0102255  0.0231436
 0.0321429
0.00724542
  0.999189
1.64266e+09 -0.0208273 -0.14142 0.0103131  0.0230384
 0.0322499
0.00452596
  0.999204
1.64266e+09 -0.0206684 -0.14133 0.00874443  0.0236319
 0.0328142
0.00771725
  0.999152
1.64266e+09 -0.0188897 -0.14012 0.0143917  0.0226111
 0.0326924
0.00716013
  0.999184
1.64266e+09 -0.0207182 -0.14189 0.0100027  0.0234776
 0.0323571
0.00586857
  0.999183
1.64266e+09 -0.0209824 -0.142056 0.0116924  0.0233772
 0.0324784
0.00574612
  0.999182
1.64266e+09 -0.0206643 -0.142226 0.0142012  0.0232893
 0.0327235
0.00647044
  0.999172
1.64266e+09 -0.020608 -0.143639 0.00905389  0.0243222
 0.0327911
0.00619759
  0.999147
1.64266e+09 -0.0215546 -0.142971 0.0115838  0.0233292
 0.0325687
0.00620126
  0.999178
1.64266e+09 -0.0229864 -0.142749 0.0136782  0.0238642
 0.0328365
0.00449344
  0.999166
1.64266e+09 -0.0217383 -0.143559 0.0121258  0.0237414
 0.0333976
0.00454142
   0.99915
1.64266e+09 -0.0213879 -0.146801 0.0109997  0.0231569
 0.0323017
0.00258883
  0.999207
1.64266e+09 -0.0195556 -0.146312 0.0146663   0.022785
 0.0330068
0.00727589
  0.999169
1.64266e+09 -0.0201594 -0.145158 0.0153603  0.0233844
 0.0328971
0.00519079
  0.999172
1.64266e+09 -0.0197548 -0.147096 0.0105402  0.0226869
 0.0334298
0.00656705
  0.999162
1.64266e+09 -0.0197617 -0.148403 0.0134667  0.0224784
 0.0335367
0.00704665
   0.99916
1.64266e+09 -0.0204608 -0.147859 0.0203426  0.0221127
  0.033365
0.00640981
  0.999178
1.64266e+09 -0.0180281 -0.147845 0.0108007  0.0229033
  0.034554
0.00798215
  0.999108
1.64266e+09 -0.0201735 -0.148318 0.0169224  0.0230145
 0.0339043
0.00510123
  0.999147
1.64266e+09 -0.0200803 -0.148786 0.0152708  0.0232748
  0.034101
0.00563984
  0.999131
